NEGATIVE BINOMIAL POWER SIMULATION SUMMARY
timestamp: 20260804_161507
N_values: [50, 70, 90, 110, 130, 150, 200, 250, 300]
nsim: 10000
alpha: 0.05
rho_like_ment: 0.3
NB intercept b0_nb_values: [2.4, 2.5, 2.6]
NB dispersion alpha_nb: 0.8
betas (LIKE, MENT, INT): 0.4, 0.35, 0.2

Outcome summaries by intercept and N:
           mean_completed  median_completed  mean_mu_true
b0_nb N                                                  
2.4   50        15.299898           8.17740     15.279248
      70        15.299449           8.14270     15.272245
      90        15.267746           8.14045     15.314312
      110       15.338472           8.11415     15.323957
      130       15.341536           8.11225     15.351916
      150       15.349707           8.11700     15.355093
      200       15.354949           8.10275     15.343138
      250       15.363718           8.09215     15.348460
      300       15.351928           8.10010     15.345755
2.5   50        16.847438           9.04020     16.881260
      70        16.859664           9.00850     16.912955
      90        16.933113           9.01475     16.929072
      110       16.897782           8.96045     16.949097
      130       16.893981           8.98075     16.927750
      150       16.951343           8.97555     16.949795
      200       16.977156           8.96815     16.961209
      250       16.942963           8.96150     16.959542
      300       16.982174           8.95580     16.971564
2.6   50        18.586784           9.99700     18.612171
      70        18.665980           9.97995     18.686851
      90        18.664066           9.95270     18.671323
      110       18.716143           9.93915     18.737674
      130       18.691769           9.92095     18.700067
      150       18.732540           9.92340     18.738662
      200       18.686001           9.91555     18.719559
      250       18.770960           9.90605     18.753495
      300       18.780993           9.90985     18.769879

Power table (NB):
          power_nb                  
term          LIKE LIKExMENT    MENT
b0_nb N                             
2.4   50    0.7746    0.2830  0.6699
      70    0.9019    0.3925  0.8206
      90    0.9580    0.4940  0.9047
      110   0.9836    0.5877  0.9468
      130   0.9932    0.6579  0.9739
      150   0.9976    0.7196  0.9885
      200   0.9998    0.8360  0.9985
      250   1.0000    0.9122  0.9999
      300   1.0000    0.9513  1.0000
2.5   50    0.7843    0.2923  0.6738
      70    0.8984    0.3939  0.8231
      90    0.9616    0.4979  0.9017
      110   0.9852    0.5793  0.9488
      130   0.9952    0.6467  0.9742
      150   0.9985    0.7245  0.9871
      200   1.0000    0.8434  0.9980
      250   1.0000    0.9122  0.9999
      300   1.0000    0.9507  1.0000
2.6   50    0.7866    0.3002  0.6754
      70    0.9025    0.3950  0.8247
      90    0.9635    0.4941  0.9067
      110   0.9854    0.5895  0.9562
      130   0.9945    0.6655  0.9765
      150   0.9982    0.7283  0.9873
      200   0.9996    0.8421  0.9980
      250   1.0000    0.9104  0.9999
      300   1.0000    0.9552  1.0000
